Sequential Scan Skyline Results:
14825 100.0 331.19
50171 100.01 424.06
216223 100.02 495.19
129582 100.03 497.73
105741 100.51 499.92
242162 124.91 499.98
225160 233.55 499.99
88124 412.94 500.0
Sequential Scan Time: 3.422593355178833

BBS Skyline Search Results:
14825 100.0 331.19
50171 100.01 424.06
216223 100.02 495.19
129582 100.03 497.73
105741 100.51 499.92
242162 124.91 499.98
225160 233.55 499.99
88124 412.94 500.0
BBS Execution Time: 0.01400446891784668

BBS with Divide-and-Conquer Skyline Results:
14825 100.0 331.19
50171 100.01 424.06
216223 100.02 495.19
129582 100.03 497.73
105741 100.51 499.92
242162 124.91 499.98
225160 233.55 499.99
88124 412.94 500.0
Execution Time: 38.78522777557373
